0.001 0
0.002 0
0.003 0
0.004 0
0.005 0
0.006 0
0.007 0
0.008 0
0.009 0
0.01 0
0.011 0
0.012 0
0.013 0
0.014 0
0.015 0
0.016 0
0.017 0
0.018 0
0.019 0
0.02 0
0.021 0
0.022 0
0.023 0
0.024 0
0.025 0
0.026 0
0.027 0
0.028 0
0.029 0
0.03 0
0.031 0
0.032 0
0.033 0
0.034 0
0.035 0
0.036 0
0.037 0
0.038 0
0.039 0
0.04 0
0.041 0
0.042 0
0.043 0
0.044 0
0.045 0
0.046 0
0.047 0
0.048 0
0.049 0
0.05 0
0.051 0
0.052 0
0.053 0
0.054 0
0.055 0.001
0.056 0.001
0.057 0
0.058 0
0.059 0
0.06 0
0.061 0
0.062 0
0.0629999 0
0.064 0
0.065 0
0.066 0
0.067 0
0.068 0.001
0.069 0.002
0.07 0.001
0.071 0.001
0.072 0.003
0.073 0
0.074 0.001
0.075 0
0.076 0.004
0.077 0.001
0.078 0.002
0.079 0.001
0.08 0.002
0.081 0.004
0.082 0.004
0.083 0.008
0.084 0.004
0.085 0.001
0.086 0.003
0.087 0.004
0.088 0.004
0.089 0.005
0.09 0.004
0.091 0.008
0.092 0.007
0.093 0.009
0.094 0.01
0.095 0.009
0.096 0.009
0.097 0.006
0.098 0.005
0.099 0.007
0.1 0.011
0.101 0.008
0.102 0.011
0.103 0.014
0.104 0.011
0.105 0.007
0.106 0.013
0.107 0.013
0.108 0.008
0.109 0.02
0.11 0.017
0.111 0.022
0.112 0.024
0.113 0.021
0.114 0.027
0.115 0.016
0.116 0.022
0.117 0.02
0.118 0.027
0.119 0.02
0.12 0.044
0.121 0.029
0.122 0.03
0.123 0.036
0.124 0.024
0.125 0.021
0.126 0.03
0.127 0.026
0.128 0.033
0.129 0.027
0.13 0.038
0.131 0.047
0.132 0.039
0.133 0.058
0.134 0.042
0.135 0.038
0.136 0.04
0.137 0.034
0.138 0.047
0.139 0.039
0.14 0.059
0.141 0.059
0.142 0.076
0.143 0.058
0.144 0.057
0.145 0.072
0.146 0.07
0.147 0.057
0.148 0.061
0.149 0.055
0.15 0.085
0.151 0.073
0.152 0.089
0.153 0.099
0.154 0.102
0.155 0.084
0.156 0.078
0.157 0.091
0.158 0.075
0.159 0.075
0.16 0.11
0.161 0.112
0.162 0.117
0.163 0.109
0.164 0.113
0.165 0.107
0.166 0.11
0.167 0.112
0.168 0.124
0.169 0.099
0.17 0.143
0.171 0.141
0.172 0.128
0.173 0.134
0.174 0.156
0.175 0.132
0.176 0.135
0.177 0.136
0.178 0.145
0.179 0.151
0.18 0.18
0.181 0.197
0.182 0.181
0.183 0.19
0.184 0.16
0.185 0.16
0.186 0.199
0.187 0.164
0.188 0.167
0.189 0.184
0.19 0.236
0.191 0.209
0.192 0.197
0.193 0.213
0.194 0.229
0.195 0.22
0.196 0.256
0.197 0.228
0.198 0.204
0.199 0.212
0.2 0.256
0.201 0.281
0.202 0.255
0.203 0.259
0.204 0.251
0.205 0.248
0.206 0.266
0.207 0.254
0.208 0.253
0.209 0.259
0.21 0.326
0.211 0.303
0.212 0.295
0.213 0.291
0.214 0.297
0.215 0.297
0.216 0.294
0.217 0.295
0.218 0.283
0.219 0.338
0.22 0.333
0.221 0.335
0.222 0.34
0.223 0.332
0.224 0.343
0.225 0.337
0.226 0.366
0.227 0.318
0.228 0.364
0.229 0.343
0.23 0.367
0.231 0.412
0.232 0.413
0.233 0.402
0.234 0.412
0.235 0.389
0.236 0.413
0.237 0.395
0.238 0.404
0.239 0.402
0.24 0.434
0.241 0.455
0.242 0.433
0.243 0.457
0.244 0.422
0.245 0.415
0.246 0.419
0.247 0.431
0.248 0.443
0.249 0.437
0.25 0.46
0.251 0.479
0.252 0.477
0.253 0.454
0.254 0.494
0.255 0.502
0.256 0.495
0.257 0.496
0.258 0.494
0.259 0.48
0.26 0.533
0.261 0.534
0.262 0.529
0.263 0.536
0.264 0.545
0.265 0.564
0.266 0.54
0.267 0.514
0.268 0.513
0.269 0.528
0.27 0.542
0.271 0.557
0.272 0.565
0.273 0.551
0.274 0.541
0.275 0.559
0.276 0.547
0.277 0.569
0.278 0.524
0.279 0.553
0.28 0.574
0.281 0.606
0.282 0.6
0.283 0.637
0.284 0.622
0.285 0.592
0.286 0.575
0.287 0.599
0.288 0.647
0.289 0.593
0.29 0.605
0.291 0.645
0.292 0.629
0.293 0.665
0.294 0.663
0.295 0.67
0.296 0.636
0.297 0.627
0.298 0.667
0.299 0.639
0.3 0.668
0.301 0.681
0.302 0.679
0.303 0.664
0.304 0.695
0.305 0.678
0.306 0.678
0.307 0.647
0.308 0.7
0.309 0.675
0.31 0.688
0.311 0.71
0.312 0.711
0.313 0.67
0.314 0.753
0.314999 0.726
0.315999 0.702
0.316999 0.71
0.317999 0.708
0.318999 0.697
0.319999 0.72
0.320999 0.743
0.321999 0.749
0.322999 0.747
0.323999 0.743
0.324999 0.739
0.325999 0.733
0.326999 0.73
0.327999 0.732
0.328999 0.752
0.329999 0.72
0.330999 0.797
0.331999 0.768
0.332999 0.788
0.333999 0.737
0.334999 0.77
0.335999 0.757
0.336999 0.774
0.337999 0.771
0.338999 0.763
0.339999 0.767
0.340999 0.811
0.341999 0.8
0.342999 0.827
0.343999 0.798
0.344999 0.817
0.345999 0.803
0.346999 0.791
0.347999 0.791
0.348999 0.814
0.349999 0.805
0.350999 0.83
0.351999 0.853
0.352999 0.828
0.353999 0.824
0.354999 0.842
0.355999 0.837
0.356999 0.832
0.357999 0.828
0.358999 0.821
0.359999 0.851
0.360999 0.847
0.361999 0.85
0.362999 0.863
0.363999 0.857
0.364999 0.862
0.365999 0.849
0.366999 0.85
0.367999 0.843
0.368999 0.857
0.369999 0.874
0.370999 0.853
0.371999 0.852
0.372999 0.89
0.373999 0.855
0.374999 0.883
0.375999 0.875
0.376999 0.851
0.377999 0.888
0.378999 0.876
0.379999 0.864
0.380999 0.898
0.381999 0.884
0.382999 0.884
0.383999 0.883
0.384999 0.896
0.385999 0.886
0.386999 0.878
0.387999 0.888
0.388999 0.893
0.389999 0.884
0.390999 0.911
0.391998 0.915
0.392998 0.906
0.393998 0.89
0.394998 0.908
0.395998 0.897
0.396998 0.889
0.397998 0.901
0.398998 0.901
0.399998 0.911
0.400998 0.916
0.401998 0.92
0.402998 0.924
0.403998 0.915
0.404998 0.902
0.405998 0.924
0.406998 0.918
0.407998 0.908
0.408998 0.91
0.409998 0.91
0.410998 0.928
0.411998 0.937
0.412998 0.914
0.413998 0.914
0.414998 0.931
0.415998 0.926
0.416998 0.924
0.417998 0.918
0.418998 0.922
0.419998 0.925
0.420998 0.95
0.421998 0.938
0.422998 0.951
0.423998 0.935
0.424998 0.934
0.425998 0.918
0.426998 0.93
0.427998 0.942
0.428998 0.931
0.429998 0.947
0.430998 0.95
0.431998 0.949
0.432998 0.939
0.433998 0.949
0.434998 0.949
0.435998 0.942
0.436998 0.959
0.437998 0.937
0.438998 0.947
0.439998 0.962
0.440998 0.954
0.441998 0.956
0.442998 0.959
0.443998 0.945
0.444998 0.96
0.445998 0.952
0.446998 0.964
0.447998 0.961
0.448998 0.936
0.449998 0.944
0.450998 0.958
0.451998 0.969
0.452998 0.963
0.453998 0.957
0.454998 0.963
0.455998 0.958
0.456998 0.959
0.457998 0.955
0.458998 0.959
0.459998 0.949
0.460998 0.963
0.461998 0.958
0.462998 0.976
0.463998 0.973
0.464998 0.962
0.465998 0.967
0.466998 0.973
0.467998 0.972
0.468998 0.954
0.469997 0.962
0.470997 0.962
0.471997 0.973
0.472997 0.968
0.473997 0.976
0.474997 0.968
0.475997 0.975
0.476997 0.975
0.477997 0.97
0.478997 0.976
0.479997 0.966
0.480997 0.972
0.481997 0.979
0.482997 0.972
0.483997 0.982
0.484997 0.974
0.485997 0.979
0.486997 0.971
0.487997 0.978
0.488997 0.972
0.489997 0.979
0.490997 0.979
0.491997 0.98
0.492997 0.977
0.493997 0.987
0.494997 0.983
0.495997 0.983
0.496997 0.983
0.497997 0.988
0.498997 0.983
0.499997 0.975
0.500997 0.984
0.501997 0.987
0.502997 0.987
0.503997 0.986
0.504997 0.983
0.505997 0.982
0.506997 0.979
0.507997 0.984
0.508997 0.988
0.509997 0.98
0.510997 0.982
0.511997 0.985
0.512997 0.981
0.513997 0.992
0.514997 0.986
0.515997 0.984
0.516997 0.986
0.517997 0.988
0.518997 0.989
0.519997 0.986
0.520997 0.994
0.521997 0.991
0.522997 0.988
0.523997 0.995
0.524997 0.988
0.525997 0.989
0.526997 0.984
0.527997 0.989
0.528997 0.987
0.529997 0.99
0.530997 0.989
0.531997 0.987
0.532997 0.992
0.533997 0.99
0.534997 0.994
0.535997 0.989
0.536997 0.989
0.537997 0.992
0.538997 0.992
0.539997 0.993
0.540997 0.985
0.541997 0.991
0.542997 0.991
0.543997 0.995
0.544997 0.993
0.545997 0.991
0.546997 0.998
0.547997 0.992
0.548997 0.994
0.549996 0.992
0.550996 0.995
0.551996 0.991
0.552996 0.996
0.553996 0.992
0.554996 0.996
0.555996 0.996
0.556996 0.996
0.557996 0.995
0.558996 0.992
0.559996 0.994
0.560996 0.992
0.561996 0.996
0.562996 0.995
0.563996 0.997
0.564996 0.995
0.565996 0.991
0.566996 0.992
0.567996 0.992
0.568996 0.993
0.569996 0.999
0.570996 0.996
0.571996 0.997
0.572996 0.996
0.573996 0.997
0.574996 0.988
0.575996 0.996
0.576996 0.997
0.577996 0.998
0.578996 0.994
0.579996 0.992
0.580996 0.996
0.581996 0.995
0.582996 0.998
0.583996 0.996
0.584996 0.995
0.585996 0.995
0.586996 0.996
0.587996 0.996
0.588996 0.996
0.589996 0.997
0.590996 0.996
0.591996 0.996
0.592996 0.998
0.593996 0.997
0.594996 0.995
0.595996 0.998
0.596996 0.999
0.597996 0.996
0.598996 0.997
0.599996 0.997
0.600996 0.999
0.601996 0.997
0.602996 0.999
0.603996 0.998
0.604996 0.998
0.605996 0.997
0.606996 0.996
0.607996 0.997
0.608996 0.995
0.609996 0.999
0.610996 0.999
0.611996 1
0.612996 1
0.613996 1
0.614996 1
0.615996 1
0.616996 1
0.617996 1
0.618996 1
0.619996 1
0.620996 1
0.621996 1
0.622996 1
0.623996 1
0.624996 1
0.625996 1
0.626996 1
0.627995 1
0.628995 1
0.629995 1
0.630995 1
0.631995 1
0.632995 1
0.633995 1
0.634995 1
0.635995 1
0.636995 1
0.637995 1
0.638995 1
0.639995 1
0.640995 1
0.641995 1
0.642995 1
0.643995 1
0.644995 1
0.645995 1
0.646995 1
0.647995 1
0.648995 1
0.649995 1
0.650995 1
0.651995 1
0.652995 1
0.653995 1
0.654995 1
0.655995 1
0.656995 1
0.657995 1
0.658995 1
0.659995 1
0.660995 1
0.661995 1
0.662995 1
0.663995 1
0.664995 1
0.665995 1
0.666995 1
0.667995 1
0.668995 1
0.669995 1
0.670995 1
0.671995 1
0.672995 1
0.673995 1
0.674995 1
0.675995 1
0.676995 1
0.677995 1
0.678995 1
0.679995 1
0.680995 1
0.681995 1
0.682995 1
0.683995 1
0.684995 1
0.685995 1
0.686995 1
0.687995 1
0.688995 1
0.689995 1
0.690995 1
0.691995 1
0.692995 1
0.693995 1
0.694995 1
0.695995 1
0.696995 1
0.697995 1
0.698995 1
0.699995 1
0.700995 1
0.701995 1
0.702995 1
0.703995 1
0.704994 1
0.705994 1
0.706994 1
0.707994 1
0.708994 1
0.709994 1
0.710994 1
0.711994 1
0.712994 1
0.713994 1
0.714994 1
0.715994 1
0.716994 1
0.717994 1
0.718994 1
0.719994 1
0.720994 1
0.721994 1
0.722994 1
0.723994 1
0.724994 1
0.725994 1
0.726994 1
0.727994 1
0.728994 1
0.729994 1
0.730994 1
0.731994 1
0.732994 1
0.733994 1
0.734994 1
0.735994 1
0.736994 1
0.737994 1
0.738994 1
0.739994 1
0.740994 1
0.741994 1
0.742994 1
0.743994 1
0.744994 1
0.745994 1
0.746994 1
0.747994 1
0.748994 1
0.749994 1
0.750994 1
0.751994 1
0.752994 1
0.753994 1
0.754994 1
0.755994 1
0.756994 1
0.757994 1
0.758994 1
0.759994 1
0.760994 1
0.761994 1
0.762994 1
0.763994 1
0.764994 1
0.765994 1
0.766994 1
0.767994 1
0.768994 1
0.769994 1
0.770994 1
0.771994 1
0.772994 1
0.773994 1
0.774994 1
0.775994 1
0.776994 1
0.777994 1
0.778994 1
0.779994 1
0.780994 1
0.781994 1
0.782993 1
0.783993 1
0.784993 1
0.785993 1
0.786993 1
0.787993 1
0.788993 1
0.789993 1
0.790993 1
0.791993 1
0.792993 1
0.793993 1
0.794993 1
0.795993 1
0.796993 1
0.797993 1
0.798993 1
0.799993 1
0.800993 1
0.801993 1
0.802993 1
0.803993 1
0.804993 1
0.805993 1
0.806993 1
0.807993 1
0.808993 1
0.809993 1
0.810993 1
0.811993 1
0.812993 1
0.813993 1
0.814993 1
0.815993 1
0.816993 1
0.817993 1
0.818993 1
0.819993 1
0.820993 1
0.821993 1
0.822993 1
0.823993 1
0.824993 1
0.825993 1
0.826993 1
0.827993 1
0.828993 1
0.829993 1
0.830993 1
0.831993 1
0.832993 1
0.833993 1
0.834993 1
0.835993 1
0.836993 1
0.837993 1
0.838993 1
0.839993 1
0.840993 1
0.841993 1
0.842993 1
0.843993 1
0.844993 1
0.845993 1
0.846993 1
0.847993 1
0.848993 1
0.849993 1
0.850993 1
0.851993 1
0.852993 1
0.853993 1
0.854993 1
0.855993 1
0.856993 1
0.857993 1
0.858993 1
0.859993 1
0.860992 1
0.861992 1
0.862992 1
0.863992 1
0.864992 1
0.865992 1
0.866992 1
0.867992 1
0.868992 1
0.869992 1
0.870992 1
0.871992 1
0.872992 1
0.873992 1
0.874992 1
0.875992 1
0.876992 1
0.877992 1
0.878992 1
0.879992 1
0.880992 1
0.881992 1
0.882992 1
0.883992 1
0.884992 1
0.885992 1
0.886992 1
0.887992 1
0.888992 1
0.889992 1
0.890992 1
0.891992 1
0.892992 1
0.893992 1
0.894992 1
0.895992 1
0.896992 1
0.897992 1
0.898992 1
0.899992 1
0.900992 1
0.901992 1
0.902992 1
0.903992 1
0.904992 1
0.905992 1
0.906992 1
0.907992 1
0.908992 1
0.909992 1
0.910992 1
0.911992 1
0.912992 1
0.913992 1
0.914992 1
0.915992 1
0.916992 1
0.917992 1
0.918992 1
0.919992 1
0.920992 1
0.921992 1
0.922992 1
0.923992 1
0.924992 1
0.925992 1
0.926992 1
0.927992 1
0.928992 1
0.929992 1
0.930992 1
0.931992 1
0.932992 1
0.933992 1
0.934992 1
0.935992 1
0.936992 1
0.937991 1
0.938991 1
0.939991 1
0.940991 1
0.941991 1
0.942991 1
0.943991 1
0.944991 1
0.945991 1
0.946991 1
0.947991 1
0.948991 1
0.949991 1
0.950991 1
0.951991 1
0.952991 1
0.953991 1
0.954991 1
0.955991 1
0.956991 1
0.957991 1
0.958991 1
0.959991 1
0.960991 1
0.961991 1
0.962991 1
0.963991 1
0.964991 1
0.965991 1
0.966991 1
0.967991 1
0.968991 1
0.969991 1
0.970991 1
0.971991 1
0.972991 1
0.973991 1
0.974991 1
0.975991 1
0.976991 1
0.977991 1
0.978991 1
0.979991 1
0.980991 1
0.981991 1
0.982991 1
0.983991 1
0.984991 1
0.985991 1
0.986991 1
0.987991 1
0.988991 1
0.989991 1
0.990991 1
0.991991 1
0.992991 1
0.993991 1
0.994991 1
0.995991 1
0.996991 1
0.997991 1
0.998991 1
0.999991 1
