0.01 0
0.02 0
0.03 0
0.04 0
0.05 0
0.06 0
0.07 0
0.08 0
0.09 0
0.1 0
0.11 0.02
0.12 0.01
0.13 0.03
0.14 0.03
0.15 0.06
0.16 0.02
0.17 0.16
0.18 0.16
0.19 0.14
0.2 0.25
0.21 0.3
0.22 0.42
0.23 0.42
0.24 0.44
0.25 0.46
0.26 0.45
0.27 0.48
0.28 0.54
0.29 0.54
0.3 0.63
0.31 0.75
0.32 0.64
0.33 0.76
0.34 0.71
0.35 0.77
0.36 0.86
0.37 0.8
0.38 0.87
0.39 0.85
0.4 0.94
0.41 0.91
0.42 0.93
0.43 0.93
0.44 0.98
0.45 0.96
0.46 0.94
0.47 0.97
0.48 0.99
0.49 1
0.5 1
0.51 1
0.52 1
0.53 1
0.54 1
0.55 1
0.56 1
0.57 1
0.58 1
0.59 1
0.6 1
0.61 1
0.62 1
0.63 1
0.64 1
0.65 1
0.66 1
0.67 1
0.68 1
0.69 1
0.7 1
0.71 1
0.72 1
0.73 1
0.74 1
0.75 1
0.76 1
0.77 1
0.78 1
0.79 1
0.8 1
0.81 1
0.82 1
0.83 1
0.839999 1
0.849999 1
0.859999 1
0.869999 1
0.879999 1
0.889999 1
0.899999 1
0.909999 1
0.919999 1
0.929999 1
0.939999 1
0.949999 1
0.959999 1
0.969999 1
0.979999 1
0.989999 1
0.999999 1
