0.001 18.064
0.002 18.1
0.003 18.147
0.004 18.096
0.005 18.075
0.006 18.078
0.007 18.048
0.008 18.125
0.009 18.164
0.01 16.275
0.011 16.131
0.012 16.308
0.013 16.233
0.014 16.235
0.015 16.216
0.016 16.186
0.017 16.3
0.018 16.177
0.019 16.21
0.02 14.344
0.021 14.393
0.022 14.223
0.023 14.189
0.024 14.272
0.025 14.287
0.026 14.336
0.027 14.451
0.028 14.273
0.029 14.421
0.03 12.508
0.031 12.555
0.032 12.627
0.033 12.605
0.034 12.487
0.035 12.741
0.036 12.512
0.037 12.478
0.038 12.622
0.039 12.547
0.04 12.531
0.041 10.894
0.042 10.723
0.043 10.86
0.044 10.873
0.045 10.739
0.046 10.728
0.047 10.846
0.048 10.769
0.049 10.756
0.05 10.716
0.051 9.075
0.052 9.244
0.053 9.18
0.054 9.199
0.055 9.188
0.056 9.216
0.057 9.145
0.058 9.146
0.059 9.076
0.06 9.055
0.061 7.701
0.062 7.799
0.0629999 7.642
0.064 7.632
0.065 7.685
0.066 7.697
0.067 7.604
0.068 7.731
0.069 7.659
0.07 7.714
0.071 6.387
0.072 6.409
0.073 6.442
0.074 6.439
0.075 6.438
0.076 6.526
0.077 6.493
0.078 6.452
0.079 6.332
0.08 6.423
0.081 5.269
0.082 5.326
0.083 5.309
0.084 5.309
0.085 5.341
0.086 5.378
0.087 5.375
0.088 5.174
0.089 5.219
0.09 4.343
0.091 4.482
0.092 4.458
0.093 4.325
0.094 4.43
0.095 4.419
0.096 4.456
0.097 4.381
0.098 4.458
0.099 4.367
0.1 3.616
0.101 3.709
0.102 3.735
0.103 3.705
0.104 3.651
0.105 3.658
0.106 3.659
0.107 3.717
0.108 3.674
0.109 3.6
0.11 3.071
0.111 3.146
0.112 3.087
0.113 3.21
0.114 3.069
0.115 3.128
0.116 3.08
0.117 3.163
0.118 3.083
0.119 3.057
0.12 2.684
0.121 2.633
0.122 2.742
0.123 2.647
0.124 2.619
0.125 2.632
0.126 2.71
0.127 2.631
0.128 2.729
0.129 2.659
0.13 2.385
0.131 2.253
0.132 2.259
0.133 2.333
0.134 2.287
0.135 2.361
0.136 2.256
0.137 2.294
0.138 2.28
0.139 2.336
0.14 2.066
0.141 2
0.142 1.966
0.143 1.959
0.144 2.005
0.145 1.992
0.146 2.04
0.147 1.981
0.148 2.038
0.149 2.037
0.15 1.805
0.151 1.749
0.152 1.856
0.153 1.797
0.154 1.86
0.155 1.806
0.156 1.848
0.157 1.832
0.158 1.792
0.159 1.825
0.16 1.634
0.161 1.57
0.162 1.595
0.163 1.629
0.164 1.607
0.165 1.614
0.166 1.631
0.167 1.626
0.168 1.641
0.169 1.627
0.17 1.483
0.171 1.466
0.172 1.495
0.173 1.512
0.174 1.507
0.175 1.525
0.176 1.515
0.177 1.468
0.178 1.497
0.179 1.507
0.18 1.395
0.181 1.383
0.182 1.389
0.183 1.38
0.184 1.369
0.185 1.41
0.186 1.381
0.187 1.355
0.188 1.375
0.189 1.392
0.19 1.313
0.191 1.286
0.192 1.303
0.193 1.319
0.194 1.282
0.195 1.324
0.196 1.266
0.197 1.316
0.198 1.294
0.199 1.325
0.2 1.259
0.201 1.24
0.202 1.259
0.203 1.216
0.204 1.217
0.205 1.225
0.206 1.247
0.207 1.251
0.208 1.249
0.209 1.218
0.21 1.193
0.211 1.169
0.212 1.169
0.213 1.181
0.214 1.203
0.215 1.174
0.216 1.212
0.217 1.16
0.218 1.176
0.219 1.16
0.22 1.159
0.221 1.135
0.222 1.146
0.223 1.147
0.224 1.142
0.225 1.138
0.226 1.132
0.227 1.13
0.228 1.152
0.229 1.129
0.23 1.099
0.231 1.097
0.232 1.116
0.233 1.107
0.234 1.115
0.235 1.119
0.236 1.101
0.237 1.115
0.238 1.123
0.239 1.101
0.24 1.086
0.241 1.086
0.242 1.09
0.243 1.076
0.244 1.1
0.245 1.096
0.246 1.079
0.247 1.081
0.248 1.077
0.249 1.094
0.25 1.069
0.251 1.058
0.252 1.073
0.253 1.08
0.254 1.056
0.255 1.051
0.256 1.07
0.257 1.083
0.258 1.087
0.259 1.064
0.26 1.05
0.261 1.048
0.262 1.052
0.263 1.039
0.264 1.052
0.265 1.068
0.266 1.05
0.267 1.049
0.268 1.042
0.269 1.049
0.27 1.044
0.271 1.045
0.272 1.049
0.273 1.042
0.274 1.045
0.275 1.042
0.276 1.049
0.277 1.042
0.278 1.034
0.279 1.04
0.28 1.044
0.281 1.041
0.282 1.033
0.283 1.027
0.284 1.037
0.285 1.025
0.286 1.028
0.287 1.03
0.288 1.029
0.289 1.039
0.29 1.029
0.291 1.015
0.292 1.023
0.293 1.024
0.294 1.018
0.295 1.022
0.296 1.023
0.297 1.015
0.298 1.029
0.299 1.016
0.3 1.028
0.301 1.013
0.302 1.013
0.303 1.018
0.304 1.019
0.305 1.017
0.306 1.023
0.307 1.018
0.308 1.007
0.309 1.013
0.31 1.021
0.311 1.007
0.312 1.011
0.313 1.014
0.314 1.015
0.314999 1.014
0.315999 1.008
0.316999 1.012
0.317999 1.012
0.318999 1.014
0.319999 1.013
0.320999 1.012
0.321999 1.012
0.322999 1.012
0.323999 1.01
0.324999 1.013
0.325999 1.009
0.326999 1.008
0.327999 1.01
0.328999 1.011
0.329999 1.008
0.330999 1.007
0.331999 1.009
0.332999 1.004
0.333999 1.011
0.334999 1.006
0.335999 1.01
0.336999 1.004
0.337999 1.006
0.338999 1.005
0.339999 1.003
0.340999 1.003
0.341999 1.007
0.342999 1.007
0.343999 1.006
0.344999 1.007
0.345999 1.007
0.346999 1.006
0.347999 1.005
0.348999 1.006
0.349999 1.009
0.350999 1.004
0.351999 1.006
0.352999 1.003
0.353999 1.005
0.354999 1.001
0.355999 1.004
0.356999 1.002
0.357999 1.007
0.358999 1.001
0.359999 1.004
0.360999 1.005
0.361999 1.006
0.362999 1.001
0.363999 1.002
0.364999 1.005
0.365999 1.003
0.366999 1.003
0.367999 1.002
0.368999 1.002
0.369999 1.001
0.370999 1.002
0.371999 1.001
0.372999 1.002
0.373999 1.003
0.374999 1.001
0.375999 1.001
0.376999 1.001
0.377999 1
0.378999 1
0.379999 1
0.380999 1
0.381999 1
0.382999 1
0.383999 1
0.384999 1
0.385999 1
0.386999 1
0.387999 1
0.388999 1
0.389999 1
0.390999 1
0.391998 1
0.392998 1
0.393998 1
0.394998 1
0.395998 1
0.396998 1
0.397998 1
0.398998 1
0.399998 1
0.400998 1
0.401998 1
0.402998 1
0.403998 1
0.404998 1
0.405998 1
0.406998 1
0.407998 1
0.408998 1
0.409998 1
0.410998 1
0.411998 1
0.412998 1
0.413998 1
0.414998 1
0.415998 1
0.416998 1
0.417998 1
0.418998 1
0.419998 1
0.420998 1
0.421998 1
0.422998 1
0.423998 1
0.424998 1
0.425998 1
0.426998 1
0.427998 1
0.428998 1
0.429998 1
0.430998 1
0.431998 1
0.432998 1
0.433998 1
0.434998 1
0.435998 1
0.436998 1
0.437998 1
0.438998 1
0.439998 1
0.440998 1
0.441998 1
0.442998 1
0.443998 1
0.444998 1
0.445998 1
0.446998 1
0.447998 1
0.448998 1
0.449998 1
0.450998 1
0.451998 1
0.452998 1
0.453998 1
0.454998 1
0.455998 1
0.456998 1
0.457998 1
0.458998 1
0.459998 1
0.460998 1
0.461998 1
0.462998 1
0.463998 1
0.464998 1
0.465998 1
0.466998 1
0.467998 1
0.468998 1
0.469997 1
0.470997 1
0.471997 1
0.472997 1
0.473997 1
0.474997 1
0.475997 1
0.476997 1
0.477997 1
0.478997 1
0.479997 1
0.480997 1
0.481997 1
0.482997 1
0.483997 1
0.484997 1
0.485997 1
0.486997 1
0.487997 1
0.488997 1
0.489997 1
0.490997 1
0.491997 1
0.492997 1
0.493997 1
0.494997 1
0.495997 1
0.496997 1
0.497997 1
0.498997 1
0.499997 1
0.500997 1
0.501997 1
0.502997 1
0.503997 1
0.504997 1
0.505997 1
0.506997 1
0.507997 1
0.508997 1
0.509997 1
0.510997 1
0.511997 1
0.512997 1
0.513997 1
0.514997 1
0.515997 1
0.516997 1
0.517997 1
0.518997 1
0.519997 1
0.520997 1
0.521997 1
0.522997 1
0.523997 1
0.524997 1
0.525997 1
0.526997 1
0.527997 1
0.528997 1
0.529997 1
0.530997 1
0.531997 1
0.532997 1
0.533997 1
0.534997 1
0.535997 1
0.536997 1
0.537997 1
0.538997 1
0.539997 1
0.540997 1
0.541997 1
0.542997 1
0.543997 1
0.544997 1
0.545997 1
0.546997 1
0.547997 1
0.548997 1
0.549996 1
0.550996 1
0.551996 1
0.552996 1
0.553996 1
0.554996 1
0.555996 1
0.556996 1
0.557996 1
0.558996 1
0.559996 1
0.560996 1
0.561996 1
0.562996 1
0.563996 1
0.564996 1
0.565996 1
0.566996 1
0.567996 1
0.568996 1
0.569996 1
0.570996 1
0.571996 1
0.572996 1
0.573996 1
0.574996 1
0.575996 1
0.576996 1
0.577996 1
0.578996 1
0.579996 1
0.580996 1
0.581996 1
0.582996 1
0.583996 1
0.584996 1
0.585996 1
0.586996 1
0.587996 1
0.588996 1
0.589996 1
0.590996 1
0.591996 1
0.592996 1
0.593996 1
0.594996 1
0.595996 1
0.596996 1
0.597996 1
0.598996 1
0.599996 1
0.600996 1
0.601996 1
0.602996 1
0.603996 1
0.604996 1
0.605996 1
0.606996 1
0.607996 1
0.608996 1
0.609996 1
0.610996 1
0.611996 1
0.612996 1
0.613996 1
0.614996 1
0.615996 1
0.616996 1
0.617996 1
0.618996 1
0.619996 1
0.620996 1
0.621996 1
0.622996 1
0.623996 1
0.624996 1
0.625996 1
0.626996 1
0.627995 1
0.628995 1
0.629995 1
0.630995 1
0.631995 1
0.632995 1
0.633995 1
0.634995 1
0.635995 1
0.636995 1
0.637995 1
0.638995 1
0.639995 1
0.640995 1
0.641995 1
0.642995 1
0.643995 1
0.644995 1
0.645995 1
0.646995 1
0.647995 1
0.648995 1
0.649995 1
0.650995 1
0.651995 1
0.652995 1
0.653995 1
0.654995 1
0.655995 1
0.656995 1
0.657995 1
0.658995 1
0.659995 1
0.660995 1
0.661995 1
0.662995 1
0.663995 1
0.664995 1
0.665995 1
0.666995 1
0.667995 1
0.668995 1
0.669995 1
0.670995 1
0.671995 1
0.672995 1
0.673995 1
0.674995 1
0.675995 1
0.676995 1
0.677995 1
0.678995 1
0.679995 1
0.680995 1
0.681995 1
0.682995 1
0.683995 1
0.684995 1
0.685995 1
0.686995 1
0.687995 1
0.688995 1
0.689995 1
0.690995 1
0.691995 1
0.692995 1
0.693995 1
0.694995 1
0.695995 1
0.696995 1
0.697995 1
0.698995 1
0.699995 1
0.700995 1
0.701995 1
0.702995 1
0.703995 1
0.704994 1
0.705994 1
0.706994 1
0.707994 1
0.708994 1
0.709994 1
0.710994 1
0.711994 1
0.712994 1
0.713994 1
0.714994 1
0.715994 1
0.716994 1
0.717994 1
0.718994 1
0.719994 1
0.720994 1
0.721994 1
0.722994 1
0.723994 1
0.724994 1
0.725994 1
0.726994 1
0.727994 1
0.728994 1
0.729994 1
0.730994 1
0.731994 1
0.732994 1
0.733994 1
0.734994 1
0.735994 1
0.736994 1
0.737994 1
0.738994 1
0.739994 1
0.740994 1
0.741994 1
0.742994 1
0.743994 1
0.744994 1
0.745994 1
0.746994 1
0.747994 1
0.748994 1
0.749994 1
0.750994 1
0.751994 1
0.752994 1
0.753994 1
0.754994 1
0.755994 1
0.756994 1
0.757994 1
0.758994 1
0.759994 1
0.760994 1
0.761994 1
0.762994 1
0.763994 1
0.764994 1
0.765994 1
0.766994 1
0.767994 1
0.768994 1
0.769994 1
0.770994 1
0.771994 1
0.772994 1
0.773994 1
0.774994 1
0.775994 1
0.776994 1
0.777994 1
0.778994 1
0.779994 1
0.780994 1
0.781994 1
0.782993 1
0.783993 1
0.784993 1
0.785993 1
0.786993 1
0.787993 1
0.788993 1
0.789993 1
0.790993 1
0.791993 1
0.792993 1
0.793993 1
0.794993 1
0.795993 1
0.796993 1
0.797993 1
0.798993 1
0.799993 1
0.800993 1
0.801993 1
0.802993 1
0.803993 1
0.804993 1
0.805993 1
0.806993 1
0.807993 1
0.808993 1
0.809993 1
0.810993 1
0.811993 1
0.812993 1
0.813993 1
0.814993 1
0.815993 1
0.816993 1
0.817993 1
0.818993 1
0.819993 1
0.820993 1
0.821993 1
0.822993 1
0.823993 1
0.824993 1
0.825993 1
0.826993 1
0.827993 1
0.828993 1
0.829993 1
0.830993 1
0.831993 1
0.832993 1
0.833993 1
0.834993 1
0.835993 1
0.836993 1
0.837993 1
0.838993 1
0.839993 1
0.840993 1
0.841993 1
0.842993 1
0.843993 1
0.844993 1
0.845993 1
0.846993 1
0.847993 1
0.848993 1
0.849993 1
0.850993 1
0.851993 1
0.852993 1
0.853993 1
0.854993 1
0.855993 1
0.856993 1
0.857993 1
0.858993 1
0.859993 1
0.860992 1
0.861992 1
0.862992 1
0.863992 1
0.864992 1
0.865992 1
0.866992 1
0.867992 1
0.868992 1
0.869992 1
0.870992 1
0.871992 1
0.872992 1
0.873992 1
0.874992 1
0.875992 1
0.876992 1
0.877992 1
0.878992 1
0.879992 1
0.880992 1
0.881992 1
0.882992 1
0.883992 1
0.884992 1
0.885992 1
0.886992 1
0.887992 1
0.888992 1
0.889992 1
0.890992 1
0.891992 1
0.892992 1
0.893992 1
0.894992 1
0.895992 1
0.896992 1
0.897992 1
0.898992 1
0.899992 1
0.900992 1
0.901992 1
0.902992 1
0.903992 1
0.904992 1
0.905992 1
0.906992 1
0.907992 1
0.908992 1
0.909992 1
0.910992 1
0.911992 1
0.912992 1
0.913992 1
0.914992 1
0.915992 1
0.916992 1
0.917992 1
0.918992 1
0.919992 1
0.920992 1
0.921992 1
0.922992 1
0.923992 1
0.924992 1
0.925992 1
0.926992 1
0.927992 1
0.928992 1
0.929992 1
0.930992 1
0.931992 1
0.932992 1
0.933992 1
0.934992 1
0.935992 1
0.936992 1
0.937991 1
0.938991 1
0.939991 1
0.940991 1
0.941991 1
0.942991 1
0.943991 1
0.944991 1
0.945991 1
0.946991 1
0.947991 1
0.948991 1
0.949991 1
0.950991 1
0.951991 1
0.952991 1
0.953991 1
0.954991 1
0.955991 1
0.956991 1
0.957991 1
0.958991 1
0.959991 1
0.960991 1
0.961991 1
0.962991 1
0.963991 1
0.964991 1
0.965991 1
0.966991 1
0.967991 1
0.968991 1
0.969991 1
0.970991 1
0.971991 1
0.972991 1
0.973991 1
0.974991 1
0.975991 1
0.976991 1
0.977991 1
0.978991 1
0.979991 1
0.980991 1
0.981991 1
0.982991 1
0.983991 1
0.984991 1
0.985991 1
0.986991 1
0.987991 1
0.988991 1
0.989991 1
0.990991 1
0.991991 1
0.992991 1
0.993991 1
0.994991 1
0.995991 1
0.996991 1
0.997991 1
0.998991 1
0.999991 1
