0.01 0
0.02 0
0.03 0
0.04 0.07
0.05 0.24
0.06 0.62
0.07 0.79
0.08 0.85
0.09 0.97
0.1 0.98
0.11 0.99
0.12 0.98
0.13 1
0.14 1
0.15 1
0.16 1
0.17 1
0.18 1
0.19 1
0.2 1
0.21 1
0.22 1
0.23 1
0.24 1
0.25 1
0.26 1
0.27 1
0.28 1
0.29 1
0.3 1
0.31 1
0.32 1
0.33 1
0.34 1
0.35 1
0.36 1
0.37 1
0.38 1
0.39 1
0.4 1
0.41 1
0.42 1
0.43 1
0.44 1
0.45 1
0.46 1
0.47 1
0.48 1
0.49 1
0.5 1
0.51 1
0.52 1
0.53 1
0.54 1
0.55 1
0.56 1
0.57 1
0.58 1
0.59 1
0.6 1
0.61 1
0.62 1
0.63 1
0.64 1
0.65 1
0.66 1
0.67 1
0.68 1
0.69 1
0.7 1
0.71 1
0.72 1
0.73 1
0.74 1
0.75 1
0.76 1
0.77 1
0.78 1
0.79 1
0.8 1
0.81 1
0.82 1
0.83 1
0.839999 1
0.849999 1
0.859999 1
0.869999 1
0.879999 1
0.889999 1
0.899999 1
0.909999 1
0.919999 1
0.929999 1
0.939999 1
0.949999 1
0.959999 1
0.969999 1
0.979999 1
0.989999 1
0.999999 1
